>> assign1main

m =

   1.0e-15 *

   -0.0763   -0.3137


mabs =

   1.0e-15 *

    0.0763    0.3137


stdev =

     0     0


time =

    0.0010
    0.0006
    0.0001


m2 =

   1.0e-18 *

         0   -0.1730


mabs2 =

   1.0e-18 *

         0    0.1730


stdev2 =

     0     0


time2 =

    0.0302
    2.2373
    0.0209